1 0
49 10
76 20
113 30
147 40
184 50
222 60
266 70
283 80
353 90
354 100
387 110
426 120
459 130
493 140
539 150
574 160
634 170
610 180
678 190
660 200
754 210
722 220
767 230
817 240
836 250
913 260
933 270
916 280
922 290
1032 300
1128 310
1087 320
1029 330
1036 340
1039 350
1200 360
1106 370
1145 380
1138 390
1240 400
1237 410
1224 420
1292 430
1414 440
1466 450
1402 460
1581 470
1395 480
1489 490
1538 500
1486 510
1611 520
1718 530
1576 540
1676 550
1626 560
1698 570
1810 580
1999 590
1827 600
1849 610
1807 620
1836 630
2089 640
1889 650
1917 660
2263 670
2235 680
2197 690
2034 700
2170 710
2128 720
2317 730
2204 740
2182 750
2267 760
2399 770
2625 780
2425 790
2449 800
2394 810
2524 820
2461 830
2648 840
2691 850
2758 860
2566 870
2612 880
2631 890
2753 900
2656 910
2768 920
2915 930
3032 940
2779 950
2912 960
2950 970
3006 980
3207 990
3026 1000
3051 1010
3019 1020
3076 1030
3188 1040
3119 1050
3327 1060
3161 1070
3354 1080
3317 1090
3393 1100
3554 1110
3593 1120
3569 1130
3868 1140
4158 1150
3657 1160
3884 1170
3856 1180
3708 1190
3789 1200
3561 1210
3842 1220
3778 1230
3779 1240
3825 1250
3704 1260
4100 1270
3844 1280
3991 1290
3907 1300
4301 1310
4268 1320
3955 1330
4007 1340
4097 1350
4041 1360
4331 1370
4158 1380
4179 1390
4237 1400
4520 1410
4337 1420
4158 1430
4307 1440
4498 1450
4536 1460
4429 1470
4421 1480
4450 1490
4768 1500
4430 1510
4639 1520
4528 1530
4661 1540
4637 1550
4763 1560
4703 1570
4640 1580
5105 1590
4653 1600
4837 1610
4834 1620
5155 1630
4906 1640
4981 1650
4884 1660
5342 1670
5114 1680
5294 1690
5058 1700
5341 1710
5134 1720
5245 1730
5325 1740
5271 1750
5279 1760
5322 1770
5575 1780
5368 1790
5396 1800
5460 1810
5708 1820
5558 1830
5523 1840
5778 1850
5496 1860
5755 1870
5470 1880
5918 1890
5594 1900
5695 1910
6116 1920
5842 1930
5825 1940
5768 1950
6028 1960
5882 1970
5892 1980
6338 1990
5964 2000
6081 2010
6172 2020
6055 2030
6061 2040
6424 2050
6151 2060
6144 2070
6308 2080
6278 2090
6412 2100
6306 2110
6483 2120
6459 2130
6334 2140
6919 2150
6453 2160
6380 2170
6731 2180
6453 2190
6523 2200
6808 2210
6628 2220
6722 2230
6915 2240
6650 2250
6998 2260
7042 2270
6723 2280
7027 2290
7114 2300
6931 2310
7427 2320
7104 2330
7021 2340
7295 2350
7176 2360
6910 2370
7436 2380
7189 2390
7250 2400
7299 2410
7257 2420
7431 2430
7408 2440
7299 2450
7579 2460
7322 2470
7433 2480
7576 2490
7527 2500
7741 2510
7554 2520
7519 2530
7693 2540
7610 2550
7848 2560
7598 2570
8233 2580
7879 2590
7710 2600
8039 2610
7675 2620
7846 2630
8130 2640
7965 2650
8072 2660
8025 2670
8073 2680
8253 2690
8054 2700
8445 2710
8166 2720
8238 2730
8431 2740
8243 2750
8592 2760
8259 2770
8670 2780
8289 2790
9468 2800
8799 2810
8691 2820
8685 2830
8512 2840
8762 2850
8575 2860
8742 2870
8566 2880
8776 2890
8948 2900
8690 2910
8916 2920
8882 2930
10858 2940
9363 2950
9131 2960
8840 2970
9111 2980
8835 2990
9142 3000
8869 3010
9091 3020
9177 3030
9348 3040
9367 3050
9329 3060
9236 3070
9169 3080
9405 3090
9393 3100
9466 3110
9426 3120
9591 3130
9361 3140
9968 3150
9342 3160
9834 3170
9482 3180
9682 3190
9562 3200
9786 3210
9805 3220
9777 3230
9860 3240
10063 3250
9920 3260
9961 3270
10048 3280
9996 3290
9831 3300
10035 3310
10040 3320
10062 3330
10122 3340
10458 3350
10166 3360
10262 3370
10194 3380
10349 3390
10167 3400
10405 3410
10182 3420
10419 3430
10323 3440
10704 3450
10437 3460
10528 3470
10322 3480
10645 3490
10548 3500
10698 3510
10437 3520
10799 3530
10930 3540
10704 3550
10857 3560
10683 3570
10869 3580
11104 3590
10915 3600
10775 3610
11024 3620
11221 3630
11397 3640
10986 3650
11012 3660
11176 3670
10906 3680
11191 3690
11134 3700
11324 3710
11363 3720
11365 3730
11149 3740
11204 3750
11545 3760
11322 3770
11474 3780
12145 3790
11881 3800
11595 3810
11652 3820
11774 3830
11734 3840
11586 3850
11796 3860
11609 3870
11887 3880
11949 3890
11724 3900
12084 3910
11691 3920
12001 3930
11950 3940
11841 3950
12005 3960
12067 3970
12371 3980
12345 3990
12127 4000
13957 4010
15239 4020
13055 4030
12266 4040
12450 4050
12388 4060
12289 4070
12536 4080
12394 4090
12445 4100
12396 4110
12555 4120
12641 4130
12526 4140
12450 4150
12697 4160
12471 4170
12649 4180
12709 4190
12675 4200
12815 4210
12757 4220
12930 4230
12883 4240
12679 4250
13053 4260
12965 4270
12759 4280
12904 4290
13198 4300
12984 4310
13066 4320
13119 4330
12910 4340
13343 4350
13223 4360
13013 4370
13450 4380
13594 4390
13092 4400
13337 4410
13399 4420
13258 4430
13556 4440
14468 4450
13450 4460
13606 4470
13450 4480
13439 4490
13924 4500
13685 4510
13582 4520
13754 4530
13840 4540
13702 4550
14182 4560
14133 4570
14322 4580
14037 4590
14037 4600
14152 4610
14117 4620
13799 4630
14409 4640
15204 4650
16757 4660
14222 4670
14389 4680
14265 4690
14376 4700
14133 4710
14354 4720
14328 4730
14343 4740
14381 4750
14377 4760
14457 4770
14635 4780
15029 4790
14478 4800
14804 4810
14467 4820
14793 4830
14727 4840
14820 4850
14791 4860
14972 4870
14844 4880
14727 4890
14772 4900
14935 4910
15056 4920
15139 4930
14898 4940
15081 4950
15097 4960
15072 4970
15001 4980
15101 4990
15112 5000
